label: "FDCL"
id: 412eab8e4058621f7036b5e765dfe812
cameras:
- camera:
    label: cam0
    id: 54812562fa109c40fe90b29a59dd7798
    line-delay-nanoseconds: 0
    image_height: 480
    image_width: 640
    type: pinhole
    intrinsics:
      cols: 1
      rows: 4
      data: [655.9166854467883, 655.9283534922687, 327.7471225383766, 243.37216075857046]
    distortion:
      type: radial-tangential  
      parameters:
        cols: 1
        rows: 4
        data: [-0.4371340782658366, 0.23069794484618208, 0.0002502627034861344, -0.0004449062432320293]
  T_B_C:
    cols: 4
    rows: 4
    data: [0.71516812, -0.00588827, -0.69892767, -0.06802873,
-0.6989354,   0.00096484, -0.71518416, -0.0870631,
0.00488555,  0.9999822,  -0.00342549, -0.08757315,
           0.0, 0.0, 0.0, 1.0]

imu_params:
  delay_imu_cam: 0.0
  max_imu_delta_t: 0.01
  acc_max: 176.0
  omega_max: 17
  sigma_omega_c: 12.0e-4
  sigma_acc_c: 8.0e-3
  sigma_omega_bias_c: 0.03
  sigma_acc_bias_c: 0.1
  sigma_integration: 0.0
  g: 10.03
  imu_rate: 100

imu_initialization:
  velocity: [0.0, 0, 0.0]
  omega_bias: [0.0, 0, 0.0]
  acc_bias: [0.0, 0.0, 0.0]
  velocity_sigma: 2.0
  omega_bias_sigma: 0.01
  acc_bias_sigma: 0.1

